%YAML:1.0
---
MAT_CAM: !!opencv-matrix
   rows: 3
   cols: 3
   dt: d
   data: [ 1.0104287055889066e+03, -5.3382038291494294e-01,
       4.5935777315318143e+02, 0., 1.0155135212246856e+03,
       2.5101481220370860e+02, 0., 0., 1. ]
VEC_DIST: !!opencv-matrix
   rows: 1
   cols: 4
   dt: d
   data: [ 4.8087276366366005e+00, -1.9192802912816973e+01,
       -5.8904882552271703e-04, -1.2157665516960498e-03 ]
XI: !!opencv-matrix
   rows: 1
   cols: 1
   dt: d
   data: [ 2.9020853919400582e+00 ]
SIZE_IN: [ 960, 576 ]
FRAME_RATE: 120
ERROR: 4.0832242610439523e-01
